2667 , 9631 , (0; 1) , 33 1 , 3
6889 , 7044 , (0, 2;) , 8 0 , 11
8030 , 8956 , (-1;3) , 8 fire , 5
9278 , 9654 , (1;2) , 10 1 , 9
3472 , 9606 , (-1;-1), 26 0 , 14
2971 , 4601 , (0, 1;-1) , 14 fire , 16
2455 , 6330 , (-1;2, 1) , 20 3 , 20
1896 , 9385 , (2, 0;-1) , 48 2 , 19
303 , 10428 , (-1;-1), 328 1 , 13
4380 , 7040 , (2;-1) , 16 2 , 8
3122 , 52631 , (-1;2, 0) , 29 2 , 2
4257 , 52159 , (-1;-1), 22 3 , 17
721 , 25099 , (1, 0;-1) , 60 2 , 15
1772 , 44946 , (0;-1) , 49 2 , 7
886 , 22310 , (2, 1;-1) , 36 0 , 12
2804 , 45281 , (3; immune to fire) , 30 2 , 10
8739 , 43560 , (weak to 3; immune to 1, 2) , 9 0 , 1
1734 , 30384 , (weak to 0, 3) , 34 0 , 4
5525 , 14091 , (weak to 0) , 4 3 , 18
1975 , 15393 , , 15 fire , 6
